0,406
0,405
0,404
0,403
0,402
0,401
35,5
0,400
0,399
0,398
0,397
35,4
0,396
0,395
0,394
35,3
35,2
0,393
35,1
35,0
0,392
0,391
0,390
0,389
34,4
0,388
34,3
34,2
34,1
34,0
33,3
33,2
33,1
33,0
0,387
0,386
0,385
32,4
32,3
32,2
32,1
32,0
0,384
31,3
31,2
31,1
31,0
30,3
30,2
30,1
30,0
0,319
29,5
0,318
29,4
29,3
29,2
29,1
29,0
28,3
28,2
28,1
28,0
0,317
0,316
27,4
27,3
27,2
27,1
27,0
0,283
26,3
26,2
26,1
26,0
25,52
25,51
25,50
25,49
25,48
25,47
25,46
25,45
25,44
25,43
25,42
25,41
25,40
25,39
25,38
25,37
25,36
25,35
11,17
11,16
11,15
11,14
11,13
11,12
11,11
11,10
11,9
11,8
11,7
11,6
11,5
8,8
8,11
8,10
8,9
8,7
8,5
9,5
4,27
6,5
6,4
7,15
7,14
7,12
17,2
17,1
17,3
15,2
15,1
15,3
16,2
16,1
16,3
13,2
14,2
4,17
4,41
4,16
4,40
4,4
4,24
4,39
4,5
4,7
4,81
4,11
4,13
4,1
4,26
4,2
4,3
6,7
6,6
6,1
